0.8263,[100, 144, 100]
0.0235,[30, 100, 100]
-0.0063,[100, 144, 100]
-0.0081,[60, 60, 60]
0.0154,[100, 144, 100]
-0.0174,[100, 60, 30]
-0.0045,[60, 144, 100]
0.0089,[30, 144, 60]
0.0087,[144, 100, 60]
0.0101,[100, 144, 100]
0.0206,[144, 144, 100]
0.0227,[60, 100, 60]
-0.0382,[60, 100, 144]
-0.0196,[60, 144, 30]
-0.0031,[30, 144, 144]
0.0084,[30, 144, 144]
-0.0152,[144, 100, 30]
0.0286,[60, 144, 60]
-0.0225,[60, 30, 100]
0.0148,[144, 30, 60]
0.0000,[144, 30, 30]
-0.2347,[144, 30, 30]
-0.2973,[30, 30, 144]
-0.1127,[100, 100, 144]
-0.0745,[60, 144, 100]
-0.4508,[60, 60, 60]
0.3123,[100, 144, 100]
-0.2040,[100, 144, 100]
0.0402,[100, 144, 100]
-0.1087,[100, 144, 100]
0.1948,[100, 144, 100]
-0.0476,[100, 144, 100]
0.0714,[100, 144, 100]
0.0571,[100, 144, 100]
0.1709,[100, 144, 100]
-0.0511,[100, 144, 100]
-0.2286,[100, 144, 100]
-0.1047,[100, 144, 100]
-0.1150,[100, 30, 30]
0.1897,[144, 144, 100]
