0.0000,[144, 100, 100]
-0.2222,[144, 100, 100]
-0.0508,[30, 100, 144]
-0.1676,[30, 144, 60]
-0.0071,[144, 100, 60]
-0.0057,[144, 100, 100]
-0.0680,[144, 30, 60]
-0.0227,[100, 60, 144]
-0.0816,[144, 60, 30]
-0.0971,[100, 30, 144]
-0.0459,[60, 144, 144]
-0.2589,[60, 100, 100]
-0.1437,[30, 60, 30]
-0.0514,[100, 30, 60]
-0.1046,[100, 144, 144]
0.1703,[144, 30, 60]
0.2314,[144, 30, 60]
0.1852,[30, 100, 30]
0.1481,[144, 30, 60]
-0.1037,[100, 100, 100]
0.1392,[144, 100, 30]
-0.1108,[144, 30, 60]
-0.1204,[30, 100, 100]
-0.0646,[144, 30, 30]
0.1706,[144, 30, 60]
0.0412,[144, 144, 144]
0.0330,[60, 100, 60]
-0.1641,[144, 144, 30]
0.0274,[144, 100, 144]
0.1807,[144, 30, 60]
0.0811,[100, 60, 100]
0.0331,[144, 30, 60]
-0.0688,[144, 30, 60]
-0.0233,[144, 30, 60]
-0.1773,[144, 30, 60]
-0.1419,[30, 30, 30]
-0.0183,[144, 60, 60]
-0.2051,[60, 30, 144]
-0.1641,[30, 60, 30]
0.0592,[144, 100, 60]
0.0156,[144, 100, 60]
0.2347,[144, 100, 60]
0.0925,[100, 100, 100]
0.0105,[100, 144, 60]
0.1672,[144, 100, 60]
-0.2790,[144, 100, 60]
-0.3184,[30, 144, 100]
0.1580,[100, 144, 144]
-0.2546,[30, 30, 100]
0.0821,[100, 144, 60]
0.0974,[100, 30, 30]
-0.0173,[100, 144, 30]
0.1449,[100, 100, 60]
-0.4555,[100, 100, 60]
0.1118,[100, 60, 60]
0.0577,[30, 30, 30]
0.1096,[60, 60, 60]
0.1194,[100, 100, 100]
0.0956,[100, 100, 60]
0.1082,[100, 60, 144]
0.0866,[100, 60, 60]
-0.1530,[100, 60, 60]
0.1951,[144, 30, 100]
0.0291,[100, 100, 60]
0.1820,[60, 144, 100]
0.0186,[144, 100, 144]
-0.1438,[100, 100, 60]
0.0119,[60, 144, 144]
0.1048,[144, 30, 30]
0.0203,[144, 30, 60]
-0.1425,[30, 60, 30]
-0.0822,[100, 100, 60]
0.1882,[144, 30, 144]
-0.1352,[144, 30, 144]
0.0188,[144, 30, 144]
-0.3341,[30, 60, 30]
0.2089,[30, 100, 100]
0.2623,[144, 60, 30]
-0.0441,[144, 30, 100]
0.0917,[144, 30, 100]
0.0734,[100, 100, 60]
-0.0365,[144, 30, 100]
0.0660,[60, 30, 60]
0.0528,[144, 30, 100]
0.0422,[144, 144, 100]
-0.1567,[144, 30, 100]
-0.0619,[144, 30, 30]
-0.2082,[144, 100, 100]
0.0239,[100, 60, 100]
-0.0444,[144, 144, 60]
0.0280,[144, 144, 144]
0.1811,[144, 30, 144]
0.0497,[144, 30, 144]
0.0397,[30, 100, 144]
-0.2222,[100, 100, 60]
0.0762,[144, 30, 144]
0.0927,[144, 30, 144]
0.0107,[144, 30, 144]
-0.2454,[144, 30, 144]
-0.2281,[60, 144, 60]
0.1032,[144, 30, 144]
-0.2031,[30, 100, 100]
0.0280,[60, 144, 144]
0.2129,[60, 30, 60]
0.0116,[144, 30, 144]
0.1362,[144, 30, 144]
0.1090,[144, 30, 144]
-0.1985,[30, 30, 60]
-0.2223,[30, 30, 60]
-0.3366,[144, 30, 144]
0.2387,[144, 30, 144]
-0.0948,[144, 30, 144]
0.1147,[144, 30, 144]
0.1235,[30, 144, 60]
0.1623,[100, 100, 60]
0.1616,[144, 144, 100]
0.1610,[144, 60, 144]
-0.2522,[30, 60, 144]
0.0205,[144, 30, 144]
-0.1423,[144, 30, 144]
-0.0186,[60, 30, 30]
-0.1101,[144, 30, 144]
-0.0564,[30, 30, 144]
0.0501,[144, 144, 144]
0.1354,[100, 144, 144]
-0.1139,[144, 144, 144]
-0.2816,[30, 100, 144]
0.0604,[100, 30, 30]
-0.1739,[144, 144, 144]
0.0831,[144, 60, 30]
0.0665,[144, 30, 144]
0.0849,[144, 30, 144]
0.0679,[144, 30, 144]
0.1179,[144, 30, 144]
-0.0010,[30, 100, 60]
0.0945,[30, 144, 100]
-0.1149,[30, 30, 144]
0.1938,[144, 30, 144]
-0.0672,[30, 30, 30]
0.0415,[144, 30, 144]
-0.0938,[100, 30, 144]
-0.0115,[144, 60, 60]
0.2447,[100, 60, 100]
0.0053,[100, 60, 30]
0.0677,[60, 100, 100]
-0.1045,[144, 30, 100]
-0.4011,[100, 60, 100]
0.0283,[60, 30, 30]
0.2131,[144, 30, 144]
-0.1152,[144, 30, 144]
0.0666,[60, 100, 100]
-0.0102,[144, 30, 144]
0.1188,[144, 30, 144]
0.1585,[144, 30, 144]
-0.1906,[144, 30, 144]
0.1015,[144, 30, 144]
-0.0458,[144, 30, 144]
0.0903,[30, 144, 60]
-0.0865,[60, 60, 60]
-0.2596,[144, 100, 30]
0.1097,[144, 30, 100]
-0.0074,[144, 30, 144]
0.0893,[144, 30, 144]
0.1032,[100, 60, 30]
-0.3937,[144, 30, 144]
-0.2514,[144, 30, 60]
0.1163,[100, 60, 30]
0.0931,[144, 144, 144]
0.1062,[144, 144, 144]
-0.0738,[30, 30, 144]
0.2267,[144, 144, 144]
0.0861,[100, 30, 100]
0.1324,[144, 144, 60]
-0.1798,[60, 30, 30]
-0.0169,[144, 144, 144]
-0.0135,[144, 144, 144]
0.1479,[144, 144, 144]
0.1184,[144, 100, 30]
-0.0323,[144, 144, 144]
-0.0258,[144, 144, 144]
0.0111,[144, 144, 144]
0.0723,[100, 144, 100]
-0.1326,[30, 100, 144]
-0.1061,[30, 30, 60]
-0.0531,[100, 100, 60]
0.0210,[144, 60, 60]
-0.0467,[144, 144, 144]
-0.0374,[60, 30, 100]
0.0019,[144, 144, 144]
-0.1255,[144, 144, 144]
0.1536,[60, 100, 30]
0.0276,[60, 100, 60]
0.1173,[144, 100, 60]
0.0621,[144, 144, 144]
-0.0138,[144, 144, 144]
0.0525,[60, 100, 60]
0.0737,[100, 60, 144]
-0.0363,[144, 144, 100]
-0.2830,[144, 144, 100]
0.1546,[144, 144, 144]
-0.0033,[100, 60, 144]
-0.0027,[60, 60, 100]
0.1883,[144, 144, 100]
-0.0081,[144, 144, 144]
-0.1334,[100, 100, 30]
0.0520,[144, 144, 144]
-0.0536,[100, 144, 144]
0.1476,[144, 144, 144]
-0.0089,[144, 144, 144]
0.0563,[60, 144, 100]
0.0768,[144, 144, 144]
-0.2243,[30, 30, 100]
-0.0207,[144, 144, 144]
-0.0165,[144, 144, 144]
-0.1085,[144, 144, 144]
-0.1185,[60, 144, 100]
0.2544,[144, 144, 144]
0.0448,[144, 144, 144]
-0.0277,[60, 30, 100]
0.0096,[144, 30, 30]
0.0077,[60, 144, 100]
-0.0256,[100, 60, 30]
-0.0522,[144, 144, 144]
0.1170,[30, 100, 144]
-0.0969,[144, 100, 30]
-0.0140,[60, 30, 144]
-0.8684,[144, 144, 144]
0.0355,[144, 144, 100]
0.0601,[144, 144, 144]
0.3021,[144, 144, 144]
0.1464,[144, 60, 144]
0.1489,[144, 144, 144]
0.1508,[144, 144, 144]
0.0889,[144, 144, 144]
0.0394,[30, 100, 30]
0.0315,[144, 144, 144]
-0.0383,[144, 144, 144]
0.0964,[144, 144, 144]
-0.0499,[144, 144, 144]
-0.1986,[144, 144, 144]
